Bin
498447
549381
498422
498420
376420
549365
421851
490106
401130
441257
152256
549374
401146
410001
400254
459946
554612
173043
549379
549371
441122
531654
491447
549372
539058
467088
544560
517634
498410
549361
539082
536367
539065
432989
409167
610528
518768
549341
554281
491446
117580
444663
479408
400637
549320
433589
549340
512286
540755
400635
148867
423916
401168
401144
491315
182946
539050
362118
119015
403249
403245
549364
536381
554460
549360
401167
401165
554774
544546
400649
456401
362233
549384
491657
362104
420181
539033
423154
362209
540106
549327
400645
401133
539053
194764
455166
536428
544874
473199
119544
400642
539012
549358
539071
544816
548642
400643
539064
454367
401131
444660
421471
554282
549333
549355
542711
111202
536391
539061
409007
544838
417872
525824
400235
467100
539070
527547
547600
400237
549322
539060
549377
554461
117221
157777
123657
492401
109595
518467
473208
491416
401652
433043
400249
549382
362106
411050
539024
401132
404869
101120
544882
140708
441783
104241
539031
522808
362219
536358
542622
172318
521369
548337
491415
539041
403237
164611
400236
636117
539081
544824
529205
539044
400184
491658
539080
544810
544812
400636
549312
544881
544880
502121
539079
514936
134677
432944
508116
474359
549370
467114
539030
546419
376427
181000
422163
477387
539038
409923
151097
450857
539019
169106
450321
439481
534916
473985
175171
536382
549330
544884
362097
003621
119499
455164
362259
129483
407302
up6HlE
407656
544871
498448
109981
362222
544814
154894
405779
517978
101912
543658
473661
403242
434389
549350
376439
544811
400245
544554
167001
549380
439022
490108
409165
549344
172358
627892
177586
544864
606283
539072
539051
544870
492942
549321
362224
410002
362116
514079
376611
539055
441536
549331
649630
405972
603475
549323
606252
132371
540204
473206
179638
549351
456389
163701
434937
539074
452991
536558
539084
552855
409168
119370
493490
171572
539066
549366
402872
416069
114754
544830
531795
737023
510012
410861
517967
543051
476098
544865
126111
362231
417877
362377
517787
196216
541886
184811
417987
444665
498443
400242
512112
432035
506760
521496
192907
401310
600950
539010
125503
628167
543095
107064
145930
362214
114681
6Kzrck
512813
525694
544840
142019
520185
423153
554953
543559
401638
159748
483077
169815
184867
549311
536480
600282
195698
119351
434939
539027
171691
539020
527541
455117
157259
155682
164453
515740
177376
444661
473207
492402
491849
544833
512047
472954
405980
156884
188736
183096
362284
473274
400187
401604
425825
548928
362372
362249
149161
116355
444618
400243
525661
455281
495025
509689
544872
539077
w+hYJ2
491413
552889
435778
427547
160628
139090
173325
603080
455153
455165
490144
166867
421507
403243
626082
451301
516015
362228
518307
498445
369200
603182
548643
451135
362114
610083
111125
110714
609066
473662
556615
404948
362273
167216
362243
125171
518306
527544
170060
186430
544879
135128
109308
473273
185869
544822
544599
518577
491656
417873
547468
479407
515743
197277
419137
547693
554916
606280
539032
535016
519339
362286
417631
362281
539022
455518
451412
536581
531445
446864
153912
660628
362241
108816
146485
636548
362258
459947
604982
605282
544850
364910
527538
151939
622252
362098
456347
164239
362094
601452
141645
362211
491977
180592
153060
404347
491414
151442
549338
401603
496073
139802
510476
128500
173249
544858
164445
515795
544855
549362
444666
193498
362376
403253
144668
536582
476607
416643
402774
554634
523265
198687
419623
151502
520402
439018
178104
362279
191897
198010
100615
545500
152641
122319
187007
539090
558304
549310
362212
536591
405773
127471
554776
512814
362112
410003
539021
444668
123450
477128
362115
419141
476508
110439
606232
161414
130019
558876
544860
400828
544821
422007
544848
544820
451302
445993
190715
138171
148916
168101
519829
111111
409924
419148
179771
402690
362121
503689
106782
109763
542701
602561
170032
145952
527539
490101
539023
362113
476582
536467
150622
406211
420180
142630
456340
434931
512658
636355
109229
438733
362103
400253
502120
192480
536571
544844
142099
120735
189556
158739
258037
362245
402433
105292
168172
195609
111299
xr8cLR
128255
180230
179122
530123
516291
606082
158241
119217
605386
376615
100351
451213
518327
552144
405967
362274
411838
444863
419275
514898
441566
362247
362257
444669
149259
422022
362126
126670
139987
362100
164211
168002
362242
548364
604926
114180
403236
405778
120911
406166
476506
602160
601622
607282
362296
430951
139519
189213
164891
639350
547884
603405
544866
163261
151573
149831
172431
362276
540760
489389
403235
362205
140150
101014
530599
376770
440873
602265
411860
168649
362220
522983
110668
115034
171106
536491
565263
240002
165517
178121
540042
122125
539040
423943
362267
130821
197159
400018
417957
119347
110109
143108
526860
362201
423701
536427
507860
469867
166355
195557
539011
512656
146353
400239
362226
527354
422942
180588
195766
362128
104279
530633
404002
114299
554497
168947
166962
188102
132199
523254
603409
553666
101020
526620
423347
544831
183673
601469
400653
113647
141197
362202
151606
494844
603078
411834
549343
362261
109874
433471
627995
APfWYC
115126
543660
439566
605903
362136
123632
400162
479351
187395
128938
129236
604268
140715
144078
369201
570450
362246
161122
448442
171373
527540
185729
442844
109153
100121
196030
151384
173329
635548
400694
147715
402796
142067
345013
485960
603135
115901
602778
453226
471746
438909
452811
521157
498907
362213
174101
139027
362297
148764
146158
151921
129111
100116
536371
177103
406784
101595
130238
126881
419143
450626
583400
130501
362278
405884
515640
144650
548767
602039
422221
124703
119154
510524
362141
151072
134953
491314
424305
534915
156484
162735
125995
639066
113147
196015
406619
534361
518020
196291
362117
505726
403334
159935
111010
518334
362237
102642
191268
127665
403400
627894
853418
135439
605442
400186
185039
183531
544841
198694
109341
423156
153193
541035
195416
362255
433473
362236
606387
143615
534249
526786
141206
193060
134045
143794
455140
101118
444664
144953
482482
100362
125122
196988
527543
133268
185354
194058
376437
477108
602669
636361
126711
131103
196461
250302
151229
421850
168841
400648
419800
156539
160578
181021
362280
100618
123398
489399
412112
362208
168476
606262
544745
503698
522019
494078
518848
566154
527532
180501
104022
362093
534551
362263
192175
606212
127406
154600
409630
180866
422407
604774
449771
122869
476507
176879
448543
108428
405776
527977
449774
517974
147292
175896
165839
536567
419145
145002
193463
610999
173991
451140
513039
110111
362099
362223
421200
102383
518032
362095
111471
507767
809053
438672
706282
438936
544819
112307
145269
605263
518045
403798
133644
146249
169500
181426
113927
605261
184351
537001
451378
163446
510400
159902
543285
109303
372685
498412
187218
602282
438904
169356
435184
526474
139020
415181
539026
527405
438852
OpVhoD
455112
186782
438953
116125
453947
179497
162950
145389
106697
138416
100224
507726
439480
600689
517805
141852
522949
160166
549392
501140
554969
416827
192385
530969
151020
426684
362248
517985
186025
161148
566518
423152
153472
112299
414301
362092
506931
104689
606726
191984
409693
168035
498441
191137
420312
106194
130208
190014
134007
421862
602455
418923
106198
515540
143038
132979
186574
194426
159328
451138
400454
154501
162314
603894
139816
152099
191604
362203
604868
362299
153252
100912
154783
506761
523256
194077
190844
482456
155008
198677
118392
101951
439367
164879
544851
490119
144441
163727
549314
544877
409727
628080
109910
181327
607330
477388
153584
127807
606596
173381
160484
540477
150547
109463
100441
180582
144716
158300
536436
109634
165152
110775
198435
106754
183991
161342
506327
156322
526469
548754
195167
422048
536054
400168
530771
576726
107286
186361
178849
160543
193740
179499
149185
603698
362262
hZd6Y5
362217
166794
463298
183588
449772
507727
369605
188757
134144
194475
110733
603326
409166
146827
149213
128969
104041
129098
455810
159201
128203
168155
362250
446120
120306
135641
369600
103672
441565
405886
548338
451379
166469
167787
191934
536481
441782
365441
554903
118267
154451
101179
450770
170436
369601
147943
148612
547331
546726
165925
362239
141907
405777
194681
476522
108329
538454
544318
142208
122109
198422
362282
148912
422264
148367
109424
100479
362271
142342
116167
596726
594800
521054
100749
108838
636354
188049
108451
401309
169658
167422
153321
517701
193739
191769
518326
160044
116548
174649
124376
146552
208013
472951
334201
180271
473201
170260
152857
362265
194625
515509
162464
155957
145003
143434
102880
133885
362107
518432
148645
448445
190342
604078
417874
124072
455132
542292
127846
165791
604619
604264
181984
568013
132920
fvRbtU
195741
132870
362218
540245
164302
603686
155271
453206
477389
496935
569873
554613
450786
491553
438735
146834
145216
157848
400900
130419
430952
156249
426428
515741
512059
155566
119603
555446
187698
400930
152128
Fg/8um
191075
162157
539048
179295
147227
107979
173273
362119
111681
180679
906727
160312
115191
362210
152503
506227
544823
362215
160030
603522
107852
sr3bXt
376601
107036
603688
101281
127502
111049
423155
462778
105275
552306
506720
134141
162554
142999
362240
537532
155399
428001
155914
106282
362375
502601
541592
636563
151945
586619
553253
148351
193710
412794
123204
154315
172741
422047
O4a5xZ
191867
181600
498433
192599
521179
491439
155741
362244
605435
546551
193374
185323
158179
145700
9asNfq
467120
421304
190222
421849
138121
508900
168779
433936
150603
152258
421508
163346
135107
147862
451085
159663
149657
104160
104170
546429
468919
117937
512099
441035
142235
409074
376435
169501
170702
109696
534091
362090
194468
179468
458916
442710
169485
492119
162072
512657
421126
194044
440679
140158
362135
155899
186573
195908
180223
194253
163589
606222
144322
603134
133879
107933
123373
608447
162693
636363
141124
566820
166918
544861
122002
197310
167238
134030
488893
kRVZSp
187491
a0opuW
190731
109779
448423
183158
129638
103524
157262
122027
540051
158934
193849
173937
543900
173467
105093
139861
362111
490447
400170
134389
151345
440652
601628
155563
362256
161788
177968
154008
100399
423809
411843
605504
197147
362127
164873
159423
163550
106080
189210
362229
443445
518218
499892
529916
157080
515766
490945
468935
605066
459007
101518
193046
626282
552350
156978
536433
548743
362200
403339
423339
137149
529068
138430
159658
544545
698442
549657
100428
506141
185288
JWGh6h
418955
516159
539062
103451
600557
362096
149695
580249
s9LO3H
144470
143075
529565
604142
523709
148668
142681
404454
627708
453239
138962
542320
106004
143746
103635
459039
636890
195673
410127
546458
zcV1Wx
601756
602014
455131
120209
102757
276467
159986
498439
142662
418043
548856
411001
160227
175702
114309
497410
123719
554725
176025
152187
114907
520953
603465
506772
362234
489439
169371
485053
525653
179480
149170
606242
171715
168428
417310
636375
600628
108124
124809
174222
150191
455180
913722
902601
428228
127784
122826
188967
436616
106339
362131
188551
115741
462221
137146
185800
527635
138533
626777
126385
168406
123416
179608
167929
125691
402439
147465
401231
175577
526785
184901
185292
606295
517718
505067
433490
422037
449126
156386
155074
517804
621780
111676
136067
150102
146364
162512
135868
157019
185393
467082
512467
516275
184802
362216
190471
157599
539094
452992
589914
569029
549954
rUdfuf
155405
191513
360155
117354
176308
155247
609480
451190
128784
138401
146660
155230
178927
103580
610540
403240
164180
639964
156360
465858
130477
530148
110339
484442
191223
188880
428238
549001
362260
562807
544773
167883
622152
525802
171478
362287
606430
158197
128822
189868
400620
114498
606292
379035
175034
197595
0CSgwW
123500
MLdtUf
135954
459082
362108
157718
472952
140793
153176
135056
157228
433170
113740
101965
362298
184622
458360
135886
422527
531354
yh6INs
182030
CZ+uwZ
190028
141600
543262
533729
162685
607650
142615
422146
146764
113215
191202
166842
171195
170582
440680
157384
853417
162087
477386
608355
144622
125476
JMxIMF
362253
171341
189007
131957
184565
196610
156664
166357
126494
114909
135119
527680
160452
173033
155312
628076
454427
527455
552317
194707
521043
601478
154757
911742
174319
180388
476525
140137
194941
169763
179822
603136
556035
150402
101426
402062
401810
563651
190133
469866
127735
127643
145643
155507
170754
163410
185977
186263
144005
160881
172143
136162
141209
146663
174393
193022
182466
406460
144134
171578
105577
100549
112690
422408
498457
499891
110818
454666
140994
440021
650672
430956
100862
193579
421398
111219
126606
175602
449840
402432
549315
537964
102136
872763
105891
362221
173374
113126
143720
405774
181355
362225
155376
540010
v2mCpz
185013
410984
115242
902501
512461
191612
194712
198120
167088
362101
151378
533300
143073
456308
400025
168165
217601
448747
165141
409698
178132
608012
150558
133980
153924
131913
435163
401118
157135
195544
163776
362206
197819
401676
400444
401637
132711
BsWIaA
100717
114363
143326
377460
190264
102234
498444
190108
536390
525422
103568
114963
601934
606382
125996
142016
603222
177029
409200
545896
145690
539006
422144
102057
143648
549367
362110
462722
151063
186912
168358
133777
180210
477631
115282
522979
144871
167913
145000
406902
534456
159404
525989
128127
376434
157805
192950
189363
486830
127026
131025
189749
145001
548929
163345
120785
Wb5Y9l
634364
3SyzEp
486867
362238
550672
603669
610044
112680
362227
140355
141454
181931
554963
603932
434938
173948
146379
121495
163186
179758
426533
112802
403795
538453
369602
198119
190292
148018
407802
152727
184936
163529
607326
727780
160504
145743
187404
164702
108753
177435
104511
541621
548906
160748
544862
134924
506991
603996
104836
608287
362207
548640
130281
SHbGe0
504685
148980
187644
522566
433435
155502
605088
108980
150618
152977
527887
102512
527548
362283
5274.9
540102
189176
158214
146620
520152
181353
186416
489202
472742
186085
492940
134081
506723
604203
175221
110166
422240
147955
148513
513150
506728
166301
159156
111902
185285
160363
MMO3Y6
176170
hO/j+C
491714
503600
419624
491614
192938
169212
111474
544501
169021
108013
178062
187729
101450
134990
603589
192896
506667
202328
109880
116221
175982
403800
176579
524822
140352
154592
140424
463316
538450
153284
627782
142863
168605
600192
151263
144567
106970
153943
179454
162298
147103
169240
362251
627078
100114
170161
605512
115649
173371
164009
150061
106119
163694
187709
133719
362269
187010
127955
451416
162994
187508
421355
rhcUj6
525668
587716
128091
539916
498455
179256
518142
531243
957631
129493
606285
139841
GsLQVs
400016
147913
112683
112778
134605
138327
163601
114201
105051
187514
141940
168995
400451
438903
128837
105761
497301
454368
183743
123514
110267
150590
533920
400660
606956
186853
145827
105729
403113
136480
126944
123670
575412
100903
157806
MUPoP/
369603
401166
401147
181921
545800
479170
166415
557770
124618
185557
162192
178759
409004
606900
106167
133336
530959
194215
407340
603109
187564
120493
554406
558265
126810
189668
150030
602951
498174
544323
605849
544652
162240
155061
362277
151693
539417
103577
446683
405880
541591
132726
411796
604931
532610
602805
197429
467209
190046
0GERiS
190712
160779
362105
548248
165244
152069
113425
170931
184115
179346
138826
184805
193733
636786
467631
450419
142884
606272
170699
551906
150076
Da5nCO
150597
146641
576360
478536
138719
+uD8kh
680368
164402
120016
141170
422250
140602
130335
146243
419139
568900
110272
143731
637089
960357
122036
131980
170130
153594
163839
168838
187797
531735
100720
606477
165237
648724
197249
101878
427780
149600
362275
169519
415266
158997
636154
163190
129723
171138
159783
605290
162189
143019
1567
146401
600480
521170
100120
140870
362374
144095
188279
541931
163928
190834
528779
168114
130828
533582
169243
542528
166552
195665
495494
154620
364956
530851
100504
132962
179061
162272
151192
114402
506708
546460
143640
194456
193491
533516
119374
178810
158955
157187
423703
193185
164412
153495
152944
144191
100154
400136
498427
636297
188610
154245
xf7NtE
578414
125485
123593
kqo1XC
196668
446125
140249
165157
604330
922601
167771
134010
140718
491316
148445
169785
600446
156801
103745
115594
459368
606393
506767
181883
111037
116735
192252
636760
197134
196152
146923
109812
485486
sjj7ah
168122
121418
457500
182893
542045
544807
114206
529362
194600
160670
523715
185469
181332
473198
128750
157646
168885
139709
173890
123843
438934
158661
124244
422288
165984
168007
454825
614013
183655
6A7Gr8
117591
445040
F4QzB3
376479
181363
127854
602015
187434
100119
173413
115670
482455
482492
145760
142183
100819
439503
603633
603989
514216
922130
188956
524722
164072
184226
187781
183410
100485
158971
600104
109228
142519
107029
440673
405878
110538
142629
605883
182998
192294
131636
JT4QFl
172536
605243
188474
110760
400130
164810
517986
118827
189036
171147
490070
477912
409609
112603
409650
539015
147817
150320
